R^2 Score: 0.9999984360358785
RMSE: 3.696525500747458e-05
MAE: 2.8212669840416787e-05
Future Predictions for the next 30 days:
0.0020580461933498236
0.8630264151805839
0.7357478228976098
0.9557267366478087
0.9947546671885122
1.1085660676591331
0.5027414476083228
0.4823747600810649
1.1625751846992332
0.5097166369837441
0.6760084898802401
0.6928986755665569
0.7917360417627353
0.3248720775766977
0.38365969805301436
0.4177826677976721
0.3961247951342344
1.1843426986233625
0.6944971782741164
0.6186894932119433
1.3168312824384982
0.6507594433415449
0.6072181715571661
0.7108515040378345
0.6437466638595345
1.15256506888603
0.9899621961963598
0.582108309075437
0.7010774327326587
0.5317641146135612
