R^2 Score: 0.9998942747514907
RMSE: 0.00022926046335644353
MAE: 4.403106588755983e-05
Future Predictions for the next 30 days using Random Forest:
0.010520085135966629
0.09597422530365597
0.09003546765439235
0.08579858951116803
0.09612917179230861
0.09612917179230861
0.09685682251202664
0.09701176900067927
0.09597422530365597
0.09685682251202664
0.09597422530365597
0.09573446079265394
0.07690788149670222
0.09612917179230861
0.09701176900067927
0.09373631003669783
0.09701176900067927
0.0840061854910418
0.09701176900067927
0.09701176900067927
0.09597422530365597
0.09612917179230861
0.09603555848302613
0.09581901501178719
0.08785512543302162
0.09685682251202664
0.09701176900067927
0.09701176900067927
0.09091288394874147
0.09612917179230861
